859260
859264
859268
859276
859278
859282
859290
859292
859298
859296
859294
859306
859302
859312
859318
859324
859326
859340
859288
859354
859360
859220
859216
859218
859224
859230
859236
859244
859250
859254
859252
859170
859166
859180
859174
859182
859198
859200
859194
859196
859116
859132
859138
859142
859148
859144
859140
859156
859158
859362
859364
859378
859386
859392
859384
859400
859408
859424
859430
859432
859436
859442
859072
859068
859066
859080
859082
859070
859084
859086
859088
859092
859094
859096
859110
859106
859016
859022
859024
859020
859028
859032
859046
859054
859050
859060
859048
858966
858976
858980
858972
858986
858990
858988
858994
858996
859004
859012
859006
858922
858924
858932
858930
859806
858938
858874
858880
858886
858878
858888
858884
858890
858894
858896
858902
858906
858904
858910
858900
858828
858830
858838
858836
858844
858846
858852
858862
858864
858032
858856
858870
858858
858802
858808
858800
858810
858792
858822
858744
858746
858758
858768
858774
858702
858698
858704
858710
858712
858714
858716
858726
858722
859812
858730
858724
858732
858736
858740
859450
859446
859444
859448
859454
859458
859460
859466
859468
859472
859476
859478
859484
859492
859496
859504
859502
859510
859508
859520
859526
859528
859534
859536
859538
859544
859548
859554
859558
859564
859566
859576
859574
859578
859582
859584
859586
859588
859596
859592
859598
858030
859600
859608
859606
859612
859622
859620
859618
859630
859628
859632
859648
859652
859654
859670
859674
859676
859684
859688
859692
859708
859710
859712
859724
859816
858048
859722
859726
859736
859738
859740
859734
859742
859748
859756
859758
859762
859774
859778
859784
859790
859786
859792
859794
859800
859796
859804
859814
859824
859830
859834
859836
859842
859844
859846
859848
859854
859856
859866
859868
859872
859874
859886
859884
859892
859896
859894
859902
859910
859900
859912
860068
859914
859904
859916
859926
859934
859932
859936
859944
859948
859952
859960
859966
859974
859976
859972
859980
859984
859982
859996
859998
860084
857954
860002
860000
860004
859990
860008
860012
860014
860026
860030
860036
860038
860044
860040
860050
860060
860066
860070
860076
860078
857564
860086
860094
860100
860104
860106
860114
860120
860122
860132
860134
860136
860138
860148
860156
860154
860160
860166
860170
860172
860178
860180
860186
860192
860194
860196
860206
860216
860222
860228
860236
860234
860238
860242
860244
860250
860252
860258
860266
860264
860270
860274
860280
860282
858580
860290
860300
860310
860314
860334
860336
860340
860342
860356
860358
860360
860370
860372
860376
860380
860386
860382
860396
860400
860404
860406
860410
858648
858654
858662
858668
858672
858674
858678
858676
858680
858684
858688
858598
858602
858606
858610
858612
858616
858626
858622
858636
858642
858646
858644
858552
858558
858570
858576
858578
858574
858586
858582
858590
858588
860412
858506
858504
858510
858512
858516
858524
858522
858518
858526
858528
858534
858540
858458
858454
858466
858472
858486
858490
858488
858492
858408
858412
858420
858426
858436
858446
858358
858368
858362
858366
858374
858376
858386
858382
858392
858390
858396
858394
858400
858402
858310
858314
858320
858272
858292
858322
858318
858328
858326
858330
858332
858338
858354
860414
858262
858266
858268
858278
858264
858284
858270
858290
858286
858298
858304
858300
858302
858212
858214
858218
858222
858234
858240
858244
858246
858256
858252
858258
858168
858166
858172
858176
858174
858186
858184
858204
858118
858132
858022
858026
858138
858144
858148
858152
858156
860418
858072
858070
858074
858078
858076
858080
858082
858084
858088
858092
858094
858106
858110
858020
858050
858054
858052
858060
858066
857972
857980
857982
857984
857988
857986
857992
857994
857996
857990
858000
857998
858004
858006
858014
857940
857942
857948
857952
857756
857964
857966
857890
857894
857896
857900
857902
857904
857906
857908
857912
857914
857916
857918
857840
857846
857848
857844
857854
857856
857858
857852
857860
857870
857874
857876
857878
857882
857886
857888
857796
857800
857804
857812
857814
857822
857826
857830
857838
857746
857750
857748
857752
857754
857758
857760
857776
857784
857788
857782
857780
857774
857696
857698
857700
857702
857708
857712
857714
857718
857710
857720
857722
857724
857726
857740
857744
857546
857552
857646
857652
857656
857654
857660
857666
857662
857664
857670
857678
857680
857682
857688
857686
857690
857692
857596
857600
857598
857610
857612
857614
857620
857630
857624
857556
857558
857562
857568
857580
857588
857590
857572
857500
857506
857514
857516
857518
857520
857528
857524
857530
857534
857532
857540
857544
857450
857452
857454
857458
857460
857456
857464
857468
857470
857472
857474
857476
857478
857482
857488
857486
857490
857402
857406
857412
857416
857418
857420
857422
857424
857428
857426
857430
857434
857436
857440
857442
857444
857438
860422
857352
857354
857368
857374
857372
857378
857386
857390
857392
857394
857396
857398
857306
857302
857308
857310
857314
857312
857318
857320
857322
857330
857328
857332
857336
857338
857342
857340
857344
857346
857350
857348
857252
857256
857258
857264
857266
857268
857276
857278
857282
857284
857292
857290
857296
857300
857202
857208
857220
857222
857226
857228
857230
857234
857242
857250
857152
857158
857154
857164
857162
857168
857176
857174
857180
857186
857192
857196
857194
857200
857102
857104
857106
857110
857108
857112
857116
857122
857118
857130
857128
857134
857138
857140
857144
857142
857146
857054
857056
857058
857064
857066
857068
857070
857076
857080
857078
857086
857088
857090
857084
857094
857098
857096
857004
857016
857012
857022
857024
857030
857028
857026
857032
857038
857040
857042
857048
857044
856968
856964
856976
856980
856978
856986
856982
856990
856994
856908
857000
857002
856914
856916
856918
856920
856922
856926
856938
856934
856948
856944
856950
856866
856864
856876
856882
856886
856888
856892
856890
856896
856898
856904
856906
856818
856836
856830
856826
856834
856844
856842
856846
860426
856838
860432
860424
856840
856860
860434
860444
860440
856856
860438
860472
860474
860478
860482
860490
860488
860476
860600
860484
860480
860504
860502
860506
860510
860512
860534
860530
860536
860538
860548
860546
860554
860556
860558
860564
860566
860568
860572
860584
860586
860588
860592
860598
856768
856772
856774
856776
856784
856780
856786
856788
856782
856800
856798
856804
856802
856806
856812
856808
856718
856726
856720
856730
856734
856738
856748
856752
856758
856760
856762
856764
856684
856686
856688
856690
856698
856696
856704
856708
856710
856716
856712
856636
856638
856640
856646
856648
856644
856650
856656
856660
856596
856594
856600
856598
856602
856610
856614
856612
856616
856624
856628
860604
860602
860606
860608
860612
860616
860620
860648
860652
860656
860658
860662
860666
860660
860670
860678
856544
856546
856548
856556
856566
856570
856568
856572
856578
856576
856580
856584
856582
856496
856498
856508
856514
856518
856522
856524
856526
856532
856536
856540
856538
856448
856446
860694
856452
856454
856462
856466
856464
856468
856472
856476
856478
856480
856482
856486
856490
856398
856406
856408
856410
856422
856424
856426
856436
856440
856442
860684
856444
860690
860696
860700
860704
860708
860718
860720
860710
860728
860732
860740
860742
860748
860754
860756
856348
856350
856362
856368
856370
856366
856376
856372
856374
856380
856382
856378
856386
856390
856394
860758
860762
860766
860776
860780
860782
860786
860788
860792
860790
860800
860804
860810
860820
860818
856298
856306
856312
856308
856112
856310
856320
856322
856326
856330
856334
856338
856346
856248
856250
856254
856272
856268
856276
856278
856280
856288
856296
856206
856210
856214
856212
856216
856220
856222
856224
856228
856234
856232
856238
856244
856240
856246
856156
856160
856158
856166
856164
856172
856174
856182
856180
856186
856188
856194
856196
856192
856106
856114
855810
856110
856120
856118
856124
856126
856122
856128
856138
856136
856140
856130
856146
856152
856060
856056
856066
856074
856076
856082
856084
856090
856092
856100
856104
855720
856102
856008
856012
856014
856016
856018
856020
856022
856026
856028
856036
856038
855966
855970
855972
855968
855976
855982
855984
855986
855990
855994
855996
856004
855918
855924
855718
855922
855932
855930
855936
855938
855934
855954
855872
855868
855874
855878
855882
855884
855886
855888
855890
855894
855900
855902
855904
855910
855912
855906
855914
855818
855824
855822
855826
855832
855834
855828
855836
855838
855840
855844
855846
855848
855850
855852
855864
855866
855768
855778
855780
855784
855782
855786
855788
855792
855794
855800
855798
855802
855806
855804
855812
855816
855814
860828
860832
860838
860836
860840
855728
855734
855736
855738
855742
855746
855740
855750
855754
855756
855758
855766